image: warehouse_map_v2.pgm
resolution: 0.050000
origin: [-6.49751300000, -9.890534000000, 0.000000]
#origin: [0, 0.0000, 0.000000]
# origin: [-1.0, -19.4000, 0.000000]
negate: 0
occupied_thresh: 0.65
free_thresh: 0.196

